1
11
20
21
22
24
29
33
41
55
56
56
58
66
74
76
85
86
87
100
109
114
116
123
123
131
135
144
148
153
163
171
172
175
185
202
204
204
208
216
216
228
229
230
231
231
232
234
250
256
257
265
265
276
276
290
293
297
299
302
304
307
316
317
318
322
324
325
325
328
337
339
339
350
358
360
362
363
364
366
372
372
375
378
382
383
389
404
413
416
425
427
427
430
431
433
443
446
455
461
462
465
465
466
473
477
489
495
496
496
506
509
513
514
520
526
528
533
534
534
539
539
542
544
547
548
549
551
558
560
560
569
575
578
578
584
593
600
604
607
613
614
616
616
629
636
640
646
648
654
663
673
676
678
678
683
683
685
685
690
692
710
713
717
722
722
732
733
736
738
739
742
743
745
750
752
757
758
765
777
785
786
793
793
803
804
805
817
823
830
832
835
836
837
838
849
849
850
856
856
866
870
871
882
882
883
884
887
896
899
905
908
916
919
919
922
922
927
928
940
950
950
956
960
962
971
971
972
977
979
986
1006
1009
1022
1027
1031
1033
1035
1036
1048
1053
1055
1056
1058
1058
1069
1072
1072
1078
1078
1081
1081
1085
1086
1088
1103
1111
1111
1124
1129
1139
1143
1148
1154
1154
1154
1155
1158
1159
1161
1167
1169
1173
1183
1189
1192
1194
1195
1196
1204
1212
1213
1213
1215
1217
1224
1224
1227
1233
1236
1240
1249
1250
1264
1266
1268
1272
1273
1288
1289
1294
1300
1302
1310
1313
1314
1319
1320
1324
1325
1335
1335
1337
1342
1346
1347
1350
1350
1355
1361
1362
1368
1370
1376
1381
1381
1384
1387
1391
1392
1400
1401
1402
1403
1405
1406
1416
1420
1424
1427
1428
1431
1438
1442
1449
1454
1457
1462
1462
1468
1472
1480
1481
1484
1485
1490
1494
1496
1506
1515
1523
1531
1542
1545
1545
1547
1551
1552
1553
1557
1563
1564
1569
1579
1580
1591
1591
1591
1594
1594
1597
1598
1603
1611
1611
1614
1622
1626
1626
1630
1632
1636
1640
1642
1648
1648
1648
1649
1666
1672
1674
1681
1686
1690
1704
1704
1705
1709
1709
1714
1722
1723
1727
1728
1730
1732
1732
1738
1745
1752
1756
1756
1761
1764
1767
1767
1767
1768
1772
1778
1778
1778
1778
1781
1787
1791
1818
1822
1824
1828
1832
1841
1850
1853
1854
1861
1862
1862
1881
1887
1888
1889
1890
1899
1900
1905
1921
1925
1930
1930
1931
1934
1939
1945
1964
1972
1973
1983
1984
1989
1989
1997
1998
2016
2017
2022
2024
2026
2027
2032
2036
2045
2046
2046
2048
2053
2065
2068
2079
2079
2081
2091
2105
2106
2107
2111
2112
2113
2114
2115
2116
2116
2117
2123
2131
2134
2139
2140
2149
2154
2157
2158
2161
2168
2173
2178
2180
2181
2181
2195
2201
2220
2223
2228
2229
2233
2239
2253
2255
2255
2256
2260
2267
2268
2270
2270
2271
2272
2276
2279
2284
2293
2300
2300
2301
2304
2304
2307
2307
2313
2326
2331
2331
2336
2338
2339
2339
2341
2343
2343
2355
2368
2368
2370
2370
2372
2374
2375
2378
2385
2385
2391
2396
2398
2402
2403
2403
2406
2407
2409
2409
2417
2418
2421
2430
2432
2433
2445
2452
2457
2464
2473
2477
2479
2481
2484
2486
2487
2487
2491
2492
2492
2496
2497
2500
2505
2514
2516
2527
2529
2532
2533
2534
2535
2539
2541
2545
2551
2553
2554
2559
2559
2569
2570
2577
2581
2585
2585
2594
2605
2606
2610
2621
2621
2623
2627
2627
2629
2629
2632
2635
2638
2639
2654
2655
2670
2676
2677
2679
2680
2680
2689
2691
2691
2694
2699
2701
2701
2704
2707
2712
2727
2728
2732
2739
2739
2743
2743
2745
2747
2751
2754
2758
2768
2769
2769
2770
2772
2773
2776
2777
2778
2782
2786
2790
2791
2802
2804
2819
2831
2832
2838
2838
2839
2843
2847
2851
2855
2856
2857
2860
2871
2874
2878
2889
2890
2895
2895
2900
2900
2901
2907
2913
2914
2915
2919
2925
2925
2929
2931
2940
2955
2956
2962
2962
2962
2975
2990
2993
2994
3004
3004
3008
3013
3016
3017
3020
3020
3023
3032
3036
3036
3053
3055
3060
3063
3067
3078
3082
3082
3085
3088
3088
3094
3097
3108
3108
3113
3116
3118
3122
3127
3127
3138
3138
3147
3147
3148
3149
3150
3156
3159
3160
3162
3165
3165
3165
3165
3171
3173
3174
3181
3183
3184
3190
3198
3204
3206
3206
3213
3220
3224
3226
3228
3233
3234
3239
3241
3250
3251
3252
3252
3253
3253
3255
3258
3259
3270
3272
3275
3282
3291
3292
3296
3299
3301
3304
3307
3316
3320
3321
3323
3342
3347
3348
3350
3352
3352
3358
3365
3366
3367
3371
3375
3376
3382
3383
3391
3395
3396
3400
3402
3413
3418
3425
3427
3434
3435
3440
3442
3451
3453
3455
3458
3459
3459
3465
3465
3470
3471
3472
3472
3475
3475
3475
3477
3480
3485
3486
3488
3488
3494
3494
3497
3501
3504
3505
3506
3507
3510
3515
3521
3522
3529
3537
3549
3550
3553
3559
3559
3562
3562
3571
3576
3577
3579
3581
3583
3584
3585
3589
3590
3593
3593
3596
3601
3604
3605
3605
3607
3610
3618
3619
3620
3623
3625
3626
3628
3629
3630
3643
3644
3644
3644
3650
3652
3657
3662
3667
3669
3672
3676
3678
3688
3689
3689
3690
3692
3693
3697
3712
3713
3714
3724
3726
3735
3738
3740
3750
3755
3760
3772
3772
3773
3775
3784
3788
3790
3798
3800
3801
3802
3807
3807
3810
3823
3835
3844
3847
3849
3851
3854
3857
3871
3875
3878
3880
3886
3888
3888
3895
3902
3907
3912
3913
3917
3919
3920
3923
3928
3928
3930
3932
3935
3935
3938
3938
3943
3943
3955
3957
3960
3965
3970
3978
3992
3997
4007
4009
4012
4017
4024
4025
4027
4033
4037
4048
4053
4056
4062
4063
4073
4073
4077
4079
4085
4090
4091
4094
4096
4099
4103
4103
4109
4115
4117
4129
4135
4137
4146
4150
4156
4159
4162
4162
4168
4174
4178
4179
4182
4183
4184
4187
4189
4194
4209
4210
4218
4224
4224
4227
4231
4232
4235
4236
4240
4244
4252
4253
4259
4260
4264
4268
4269
4271
4279
4280
4290
4291
4291
4292
4297
4300
4307
4313
4314
4317
4318
4321
4323
4323
4335
4340
4342
4343
4344
4344
4346
4355
4356
4357
4360
4362
4363
4366
4372
4377
4383
4383
4384
4392
4396
4398
4403
4405
4407
4417
4421
4423
4429
4431
4431
4431
4432
4435
4443
4444
4444
4445
4450
4452
4463
4475
4476
4486
4486
4487
4489
4492
4493
4497
4502
4525
4527
4532
4532
4535
4538
4543
4545
4546
4549
4552
4562
4567
4568
4569
4572
4573
4576
4578
4594
4594
4599
4603
4603
4603
4606
4613
4624
4629
4632
4633
4638
4638
4643
4643
4644
4653
4654
4659
4663
4668
4669
4675
4678
4681
4684
4688
4692
4695
4696
4697
4698
4700
4705
4705
4705
4710
4718
4719
4722
4723
4731
4739
4739
4749
4751
4751
4757
4760
4764
4771
4775
4792
4794
4803
4814
4815
4817
4821
4823
4824
4829
4829
4832
4832
4839
4840
4846
4848
4867
4870
4873
4873
4876
4883
4891
4893
4895
4896
4898
4914
4915
4916
4919
4921
4925
4929
4934
4935
4935
4938
4944
4944
4944
4949
4951
4952
4957
4958
4962
4964
4973
4974
4976
4981
4982
4985
4988
4988
4989
4991
4995
4995
4997
5005
5009
5009
5011
5015
5016
5017
5024
5025
5031
5038
5040
5050
5052
5054
5061
5071
5073
5079
5083
5085
5088
5093
5101
5106
5110
5114
5115
5116
5118
5120
5121
5127
5135
5136
5138
5145
5145
5146
5151
5154
5155
5158
5164
5168
5169
5171
5173
5174
5177
5180
5182
5190
5199
5201
5202
5204
5212
5219
5220
5221
5223
5229
5231
5231
5234
5241
5253
5258
5258
5259
5262
5263
5263
5263
5264
5266
5267
5268
5270
5275
5277
5278
5284
5285
5285
5286
5287
5290
5298
5299
5304
5305
5306
5307
5308
5309
5311
5314
5317
5318
5320
5330
5330
5334
5336
5337
5340
5343
5352
5358
5370
5370
5376
5384
5392
5393
5398
5399
5413
5418
5425
5425
5427
5429
5437
5439
5439
5441
5445
5447
5447
5451
5455
5455
5460
5480
5483
5496
5502
5504
5507
5510
5521
5522
5523
5523
5527
5532
5535
5538
5540
5541
5558
5562
5563
5564
5564
5568
5571
5572
5575
5575
5584
5595
5600
5601
5605
5614
5627
5629
5634
5638
5640
5641
5644
5650
5668
5670
5675
5675
5678
5681
5694
5699
5702
5705
5707
5714
5716
5716
5718
5725
5739
5739
5745
5752
5754
5755
5760
5764
5774
5782
5791
5792
5794
5796
5797
5801
5813
5821
5824
5824
5826
5828
5830
5841
5851
5852
5852
5856
5867
5878
5879
5880
5881
5889
5889
5890
5894
5895
5897
5902
5908
5909
5911
5912
5914
5919
5920
5923
5924
5925
5925
5929
5937
5950
5951
5952
5954
5956
5963
5964
5969
5977
5985
5990
5992
5995
5997
6007
6012
6023
6028
6029
6032
6032
6035
6037
6038
6044
6044
6049
6054
6055
6056
6060
6061
6066
6070
6075
6078
6090
6092
6095
6109
6120
6122
6124
6130
6131
6132
6136
6138
6142
6144
6151
6151
6155
6157
6159
6169
6169
6172
6173
6173
6175
6175
6180
6194
6202
6202
6210
6213
6215
6215
6216
6218
6218
6222
6229
6231
6231
6236
6239
6241
6242
6244
6251
6266
6268
6269
6269
6271
6279
6280
6282
6283
6285
6292
6295
6298
6300
6305
6307
6316
6319
6325
6338
6339
6348
6348
6355
6360
6368
6371
6372
6378
6380
6381
6381
6382
6391
6392
6401
6401
6403
6409
6410
6410
6413
6416
6419
6423
6436
6440
6445
6446
6447
6447
6454
6459
6463
6467
6469
6470
6472
6473
6481
6484
6489
6494
6500
6502
6504
6511
6517
6526
6529
6531
6533
6533
6547
6553
6554
6555
6562
6570
6575
6578
6582
6583
6587
6588
6590
6591
6592
6593
6598
6612
6615
6619
6625
6626
6627
6630
6632
6640
6640
6648
6659
6660
6664
6664
6665
6666
6672
6690
6691
6701
6715
6717
6719
6720
6720
6722
6724
6732
6735
6739
6744
6744
6747
6749
6750
6751
6754
6757
6762
6763
6772
6777
6777
6782
6782
6782
6783
6798
6800
6801
6801
6806
6816
6817
6820
6821
6824
6854
6857
6863
6863
6865
6874
6883
6886
6890
6894
6898
6900
6904
6908
6917
6919
6919
6920
6922
6924
6936
6938
6942
6945
6950
6952
6956
6961
6962
6968
6976
6978
6981
6985
6996
6997
7000
7011
7016
7016
7038
7039
7042
7049
7054
7055
7060
7069
7075
7076
7076
7077
7078
7080
7082
7082
7090
7091
7093
7104
7107
7107
7116
7117
7118
7118
7119
7124
7130
7134
7141
7146
7175
7184
7185
7187
7188
7192
7195
7196
7200
7211
7213
7215
7216
7221
7234
7236
7239
7246
7247
7251
7257
7259
7263
7269
7271
7273
7275
7275
7275
7276
7278
7279
7281
7281
7283
7292
7294
7294
7295
7306
7307
7310
7313
7313
7313
7318
7330
7331
7338
7343
7347
7353
7354
7356
7365
7380
7380
7383
7404
7404
7405
7408
7414
7424
7426
7430
7431
7440
7442
7448
7453
7461
7463
7475
7484
7489
7496
7513
7517
7517
7517
7521
7524
7529
7533
7539
7539
7540
7541
7541
7545
7573
7584
7585
7585
7592
7593
7593
7604
7607
7610
7614
7614
7620
7626
7627
7628
7630
7641
7643
7645
7647
7647
7653
7660
7668
7669
7672
7679
7683
7685
7692
7694
7705
7707
7708
7716
7726
7726
7732
7740
7742
7745
7752
7753
7759
7762
7762
7766
7772
7782
7784
7785
7793
7797
7798
7799
7806
7806
7808
7808
7809
7814
7816
7820
7820
7824
7834
7837
7842
7842
7845
7845
7855
7856
7867
7872
7882
7884
7888
7892
7898
7907
7917
7921
7925
7926
7927
7928
7930
7938
7938
7939
7945
7946
7955
7958
7959
7966
7978
7979
7984
7985
7997
8006
8009
8019
8032
8037
8039
8039
8040
8043
8044
8047
8047
8049
8052
8053
8059
8060
8069
8070
8071
8075
8077
8079
8080
8084
8092
8094
8108
8109
8115
8119
8130
8131
8132
8134
8140
8143
8149
8150
8151
8159
8168
8170
8173
8176
8177
8180
8180
8181
8195
8199
8225
8235
8236
8237
8237
8238
8241
8249
8250
8250
8257
8270
8271
8272
8274
8293
8300
8300
8304
8304
8305
8321
8321
8326
8332
8335
8336
8336
8337
8337
8340
8340
8347
8347
8351
8360
8368
8369
8369
8378
8379
8385
8388
8388
8394
8395
8399
8399
8400
8401
8405
8409
8415
8418
8425
8429
8432
8434
8437
8439
8439
8440
8443
8447
8448
8449
8452
8459
8462
8464
8466
8474
8476
8476
8483
8484
8486
8489
8490
8497
8502
8511
8512
8513
8524
8524
8528
8529
8532
8533
8535
8536
8545
8548
8549
8554
8560
8563
8571
8572
8576
8576
8579
8581
8584
8590
8591
8600
8601
8602
8620
8627
8629
8629
8652
8653
8654
8658
8659
8668
8677
8695
8695
8696
8700
8701
8710
8711
8713
8719
8723
8726
8727
8736
8737
8758
8766
8770
8771
8779
8784
8786
8787
8797
8797
8805
8807
8815
8821
8823
8832
8841
8843
8848
8851
8853
8855
8855
8858
8864
8865
8868
8870
8877
8878
8895
8899
8900
8905
8913
8917
8921
8921
8921
8927
8927
8927
8931
8941
8944
8946
8957
8957
8957
8964
8978
8980
8981
8982
8982
8984
8986
8988
8990
8991
9001
9006
9007
9012
9013
9015
9021
9026
9033
9040
9060
9062
9063
9068
9071
9077
9084
9085
9089
9093
9097
9102
9103
9110
9112
9113
9121
9126
9127
9129
9130
9130
9152
9157
9158
9160
9163
9167
9168
9171
9174
9177
9179
9186
9188
9203
9209
9210
9213
9215
9222
9235
9239
9245
9249
9250
9262
9263
9267
9269
9282
9288
9289
9292
9295
9297
9299
9299
9302
9311
9317
9320
9320
9324
9334
9336
9338
9340
9357
9360
9364
9366
9368
9380
9384
9388
9391
9392
9394
9399
9403
9419
9422
9423
9431
9432
9438
9438
9450
9456
9458
9458
9459
9465
9468
9470
9471
9471
9472
9482
9491
9492
9493
9493
9497
9498
9504
9505
9507
9508
9510
9511
9518
9519
9525
9526
9527
9528
9551
9556
9559
9560
9563
9566
9567
9575
9575
9576
9580
9583
9585
9588
9588
9602
9603
9608
9638
9645
9646
9648
9666
9671
9673
9678
9683
9687
9689
9690
9690
9700
9707
9710
9711
9717
9731
9733
9739
9741
9743
9745
9746
9760
9761
9761
9766
9767
9772
9776
9793
9794
9796
9798
9809
9814
9823
9825
9826
9828
9831
9831
9840
9842
9847
9856
9863
9869
9871
9881
9881
9884
9894
9897
9897
9899
9906
9906
9907
9909
9911
9913
9923
9923
9925
9931
9933
9938
9946
9960
9960
9964
9969
9969
9970
9973
9976
9986
9987
9987
9987
9987
9993
9993
9996
9998
9999
