830
9210
9897
2112
8293
1212
1462
4444
9828
2621
2627
6936
1240
9999
1626
9711
6578
404
2772
2739
5015
3581
2701
2638
2680
3644
5110
1031
636
231
5145
8957
4824
8140
3174
4995
3537
2123
7660
856
1337
2629
276
4594
2341
2847
1767
4502
5135
7251
4432
6054
1591
6307
3740
9399
9556
1818
9470
4094
6665
1217
5919
4103
3650
1227
979
2994
6029
1006
9126
5370
3510
4063
7269
2355
8459
4264
2777
3488
5774
3352
4653
6894
3497
4279
4705
1056
1403
7668
6648
6151
4384
9102
7708
9006
304
427
5330
7200
1822
5880
6231
2838
2016
4062
7593
465
9422
3549
8274
928
7955
9320
8927
2623
433
9964
4944
3020
1361
1438
7672
1431
9911
1264
835
1381
9060
6640
8823
6801
4678
8238
131
1376
1370
4695
5909
8895
7234
9267
1640
7627
8865
2791
7306
7069
9458
2487
971
3472
8921
3692
1249
560
7585
7694
8713
2993
6757
7118
3016
4633
4538
5507
6719
1563
9993
2079
2541
4929
4475
3644
7310
3253
4669
2505
8513
4300
1346
3755
4168
2464
6392
4210
3032
6968
3234
4985
2496
8006
4997
793
9127
8476
9103
11
6222
9084
1649
1384
836
8235
461
8047
6952
5985
9130
8385
9177
2832
148
1997
9498
6319
9825
5923
2065
738
446
5031
5054
2839
3224
4981
2201
6271
4951
4363
8388
871
7669
7927
736
9970
4156
2157
8443
6469
4829
4037
2022
1022
1324
3584
8149
2802
3529
9493
5040
114
2874
1036
3239
5145
6371
2581
6898
8964
24
1462
9798
4815
153
6032
9299
3960
1196
3165
7834
6130
8921
7816
9996
6409
382
9432
9438
7116
5523
3738
9497
7884
7784
922
413
5231
6890
7263
2838
2689
100
3760
4870
2857
1490
8439
962
2739
4017
2432
1545
4527
4323
6445
4895
837
7246
9690
2856
1250
8340
360
1183
1636
3629
3480
9174
3775
8784
3477
5352
1401
8529
3358
6298
1288
6484
4431
1233
8486
7855
4876
477
1998
3678
9913
7330
4934
6672
6777
4919
4280
9007
6401
4007
4431
6413
7431
7845
2106
5897
7292
1325
1424
4417
548
7414
9969
4578
2158
2819
8821
7275
1236
9881
3923
383
673
1194
256
8040
4697
8047
9666
8841
6410
5093
1103
8060
8653
7295
3255
3147
5705
1129
8347
3258
1428
204
520
8336
8727
4253
6436
1143
3997
8449
5828
6169
6007
1355
9847
250
8591
5061
8787
9717
8695
1485
6874
2639
318
5990
7448
4839
2990
6720
2300
8719
5605
9986
3425
9188
5437
3652
9239
2728
5258
4921
4675
5745
7408
8425
9168
3291
4335
4764
3488
6632
2220
9250
3347
1192
7533
1728
5538
6627
5792
5830
5337
6739
4024
5595
7759
2255
3494
6857
5155
7426
144
8502
884
1515
8528
4183
29
5725
9068
5977
9324
1078
9357
6938
462
7820
6798
785
1481
1155
4995
6782
6500
7404
2307
9884
9831
216
5796
7075
2843
9946
6626
8554
317
2778
2027
9482
6660
7221
8250
5358
1468
8130
7517
4135
4079
5311
8070
7259
8272
3562
9163
7645
7107
3453
6922
1272
4444
8944
3676
4292
9906
8434
8180
3644
5088
5826
2293
1862
6664
9575
8237
849
372
1648
290
6269
2091
3094
4344
1732
7404
685
3004
8711
9129
1161
495
6419
1427
7726
6194
9842
542
6175
8395
4317
9761
2168
2338
6591
3165
6423
2554
9973
87
2117
8271
866
1828
3667
9384
6463
832
1055
4569
9311
6619
4342
3625
5841
8432
6659
6138
8991
3506
6454
1930
3475
6502
4944
9525
6473
4552
9690
4629
927
9179
21
5879
856
8576
8652
5675
3553
4705
4949
9368
1611
6459
2343
3113
6055
3590
4982
5752
431
8579
4297
1078
5889
9121
6173
8052
9671
2699
4722
7872
7585
7809
3619
2336
8533
1730
8851
2276
8700
6547
3475
2267
5085
1342
4944
1173
4663
4314
9289
4832
3800
2403
7614
1506
7195
3382
9491
257
2654
6092
276
466
8369
1072
3204
2268
202
6782
2046
4792
7926
5017
3932
9960
6218
3017
3957
9297
216
5136
9152
9366
7740
6472
6151
1714
3798
4443
5480
4817
6562
3181
9077
7356
7011
378
7867
2368
5950
5640
8447
1594
1778
1368
5284
2161
2406
2223
7130
6735
6763
6283
8864
6061
9648
5429
6202
3435
7653
9602
8957
9993
4231
6180
2279
2500
3657
2851
6044
4848
8340
2900
6588
2975
613
7124
9776
4187
9317
8900
2403
950
5894
5760
7517
1195
6904
7517
425
8576
3036
7247
9689
8347
7808
2260
7216
9262
5177
2433
1405
4240
9871
4103
2407
1273
3714
9809
2900
3802
4346
2732
1764
2535
6300
4867
8986
9938
3304
758
3418
8870
6175
1111
4109
172
6210
1666
5522
4573
5670
8982
8736
1124
3844
7107
534
3807
4077
5714
4099
5794
3402
443
6401
8600
7985
9112
3643
4344
3459
1268
7808
3008
7939
3550
3296
2032
6817
4048
3475
1381
3605
6391
2473
7184
3159
1934
7820
3122
7978
1787
8401
823
265
8710
2270
7917
8601
5266
1989
3823
4159
6489
5278
1890
2907
4952
4659
363
3233
9012
5541
8378
9976
455
765
3672
1580
5483
956
1945
3726
9026
3507
7405
1035
8415
5199
745
777
4757
4476
6044
4638
4091
1642
5009
683
1224
7997
5601
4710
9472
6494
850
5797
7643
3935
5791
6582
4718
1756
9093
732
3097
4973
56
2915
8300
56
7856
8868
375
3251
1139
6517
364
5079
3184
1704
7539
3504
3253
3395
7338
8497
558
4383
919
7540
3067
9130
4731
4751
908
1416
1189
1442
2331
5510
640
1213
2343
3055
8490
8335
4696
4407
7938
6664
3252
5285
6380
496
1853
2301
7541
5937
3108
4603
8094
2655
4814
5164
6215
569
8241
5190
4073
3383
6028
2680
6447
5314
2385
972
9186
9235
8399
905
6640
4883
5584
1350
1033
4450
3259
3928
1557
3348
6231
6348
2901
7925
3486
6720
3220
685
4489
3515
8170
9167
8109
2445
7294
2635
578
465
6244
4771
3228
3888
6378
8779
6136
4271
6075
9338
7141
8536
2111
1069
1772
7782
7647
7082
2045
3689
328
9969
1767
6090
8236
2895
6372
9209
175
4268
1391
7042
4340
1861
3955
2782
8581
2516
1457
5925
3321
5451
5101
496
8181
3183
614
3053
8466
7281
2048
4525
5638
8584
960
7175
2754
3082
4723
2271
887
7082
1531
9745
5158
3451
3367
3623
6131
2914
3630
7211
7461
3593
8984
646
3085
4832
7529
4486
5920
3854
9403
5694
6690
1686
3559
9527
1841
8629
8143
2068
5851
5447
8571
8084
9645
8249
9678
8369
1738
9465
8180
7845
804
41
7882
9292
3801
163
1674
6996
9021
5878
8946
6305
6800
9551
896
5629
8668
9299
6316
6348
7038
3320
7762
5614
3902
8532
5418
3118
7628
9085
5558
2855
2313
7055
2024
6295
5951
1420
3485
8059
3790
6269
2233
793
6213
4423
1648
9245
2585
7945
9646
5963
6292
4162
3589
2691
3917
7039
6945
3299
5439
2402
7353
2758
3849
7806
8195
3562
9203
6783
8980
7888
2391
6470
4964
3004
7187
6978
3082
5340
6570
74
7593
2229
1681
6615
9510
6824
7453
3023
3413
2228
7430
316
2559
9493
5304
9563
3810
971
1159
9471
3173
5285
5052
950
9511
8332
3088
9508
2339
8300
7331
2331
337
509
5258
2492
6908
4896
4915
9015
1899
5813
2486
9263
9391
3465
1402
7641
616
5644
2368
882
4532
2768
9856
6416
7077
5502
9519
5889
2398
5011
6218
208
58
7000
7313
8758
7753
3935
2770
4988
4823
6985
1553
9583
7146
5268
2114
3965
2585
66
883
9707
9492
7365
7080
9897
372
9110
3108
4749
4431
6229
752
1964
1767
3626
5564
55
1889
4698
2304
8770
8797
2629
6109
1648
919
8524
20
986
4392
4497
4290
3198
4377
678
5992
7892
6854
2743
1523
8476
2139
3620
6172
5299
3886
7078
1086
6997
6280
5427
7278
76
1313
1053
5116
3206
4599
2116
9526
9269
4891
4572
2115
7119
2776
3689
4307
5334
6144
2743
8304
1778
5173
2534
5824
362
2017
3138
2570
9458
6035
1392
5171
7279
8855
325
3252
3669
3888
9761
7610
5025
2116
5912
4873
5138
7620
1
6590
2786
9767
9960
7984
9731
4546
302
8737
6325
9638
5264
7463
1300
229
5413
5425
5902
7442
3376
8440
5969
8549
742
3605
8483
4232
5801
4313
5964
6962
4643
9772
8173
5997
1215
7093
1732
8069
6625
4291
9831
1167
1989
7766
7134
8563
5924
3165
4445
1768
324
1597
9823
3851
5399
7930
5038
3772
9987
4085
5455
8917
4962
3970
8379
5287
9567
8981
4935
5890
4209
7705
2421
1009
4117
7196
4291
4576
5219
1690
3697
2300
8627
7573
5393
6533
7192
6078
7239
5106
6554
2418
1888
8545
2610
7716
6447
8905
7118
9923
3601
1598
2180
5336
7938
3088
3427
7726
4137
2529
6037
6782
5262
33
1154
2773
3772
6440
7630
8853
6722
3455
6801
6981
1603
2955
8439
3078
5821
3559
5678
9171
5223
5180
9869
8899
9987
8368
7541
8159
4803
5305
3871
6266
6279
2860
3156
4914
6917
7271
6012
690
3458
1591
1310
8225
2396
3750
5782
3307
2890
5716
2676
8409
5259
5201
4321
575
3835
9909
6285
3171
692
6924
4916
325
5121
9585
5263
8511
8990
9222
9334
5050
9419
8077
307
3978
5535
5127
3938
1319
1289
7318
6820
5146
8658
7424
3459
560
2831
9683
4224
6142
3282
3375
9608
6241
8815
4613
2677
7104
8108
6282
7824
593
4146
7799
5572
5220
1745
6481
2751
9760
8848
6592
2514
9160
7281
3470
1335
1850
1154
2925
8337
2452
5168
5221
7343
2131
4150
6762
6747
265
9364
9062
3471
1722
5675
1320
3943
9459
9588
1480
8337
3784
8176
2149
6865
2889
3162
7806
3505
9360
3913
473
9158
7513
3522
2307
430
6750
5914
7685
5445
4638
9320
4991
534
3690
3241
7347
6942
6236
4989
7313
2605
7188
1791
299
8150
3920
7683
5716
8134
8039
8855
5241
5169
8786
3148
4700
5575
3943
7054
3593
5398
7060
4366
6744
2569
5460
8177
9566
7294
7521
7745
3919
6630
7607
3585
7524
5925
6961
8462
6772
3577
9906
7313
1027
2551
4545
7185
9380
8257
9394
2326
2940
6355
8877
7016
9925
4269
1854
3878
5627
3579
8360
1058
8807
1472
6950
5641
2533
2594
6032
5681
228
4398
2790
7707
9097
3596
5564
5527
6816
6381
2962
2919
4705
849
2479
1484
6155
8053
8858
7484
6863
9881
9700
3350
4684
7440
9013
3292
5234
8512
2481
2606
7797
5754
4343
3688
1824
4115
838
2769
2339
4129
1564
2804
8043
3713
4429
5308
8237
4405
3628
3465
4751
8044
2409
6863
786
2553
6919
109
8927
3013
2409
7307
3773
5263
1400
2140
9388
7762
8115
3875
5650
6976
8452
4178
9840
4794
5275
2270
3440
2497
7785
1614
3501
8695
2539
4898
7966
6751
9505
8305
2256
9907
3434
7626
5231
9603
8270
8524
817
5563
232
9249
528
8654
4925
1925
3618
3391
9741
8405
2375
6446
9733
2370
350
8399
5071
7604
7475
9894
3063
4603
1545
2559
6410
6529
2272
4938
6717
3020
7283
739
4487
2239
4562
8351
204
2704
9063
8723
1704
8484
710
8079
9588
4775
85
4760
7959
4632
1622
4435
3788
4224
4654
2492
5532
4227
7539
5718
1224
9423
1494
366
1350
513
5306
5384
1973
3880
7489
123
4958
2081
4594
8168
297
3521
1048
4821
6553
1761
8250
8489
6533
339
882
9456
3396
803
4829
9213
6900
4025
2046
9743
2679
7979
9295
8572
5083
8832
629
1611
5253
1727
4318
4174
6777
533
7946
4252
1832
8037
4259
5212
8726
7049
4027
4893
2694
3735
2385
5571
4421
3472
6575
1723
1984
5298
8418
4976
2691
7772
8071
7958
1632
2545
5343
916
3127
8326
4383
2527
5496
7814
6598
2577
722
3366
3371
648
2727
1314
8931
3610
3150
1781
940
3206
5956
6216
7273
6038
1905
9282
5307
1362
9987
3165
6744
1406
2457
9673
4090
8771
5229
2378
4182
5114
9438
2477
4184
5540
9033
6504
2632
9576
3060
9998
1547
5908
3576
5330
584
1204
9288
6531
7732
8913
4162
678
4189
8032
3712
6338
5392
6555
5739
116
1752
1213
6526
2962
5204
8119
7842
6701
899
2304
6587
9471
2878
5929
4606
7076
9826
3662
6157
5174
7016
1496
8321
5120
339
1887
2195
4244
5318
3693
6583
5320
2895
750
4549
5290
5764
6339
805
8388
5016
6070
1302
4236
7354
7592
2956
9794
9931
1542
1972
6732
4362
1594
8629
6239
8957
1630
6132
5699
5182
171
2931
1081
416
9215
3928
1081
6124
717
86
6883
3724
5263
506
551
4739
5270
6724
8321
600
3138
8464
1900
733
1709
8080
2487
5504
7793
3160
7236
2173
2026
293
5277
9518
5702
4235
2370
1088
9001
4681
6381
5267
4846
1931
135
8590
3127
3116
4355
2284
4053
1862
9336
3847
7091
3352
9468
2255
1085
2178
2747
9575
526
5952
1591
2925
7383
9089
8921
2372
539
7907
7798
7584
4535
4492
2430
4957
9071
8151
1709
427
2707
6666
7076
8602
977
8448
7090
5439
5317
1335
5755
5824
123
6120
7275
578
676
4463
5668
604
6886
9766
5154
5895
9710
1266
9504
4356
6754
4073
2036
7898
9793
7647
389
1579
6715
4012
6173
7842
8797
1387
6169
5852
2532
8049
5005
8560
4323
8696
3604
539
8336
616
8805
5852
9560
4033
1058
8009
8131
6023
5562
6749
5954
4218
1294
607
757
1552
5521
1551
5881
722
7928
2079
8766
5024
2417
9899
3607
514
8927
9559
5867
7692
3571
8548
7496
6060
1111
5455
8535
6403
2181
8982
6122
7614
4532
4056
6066
7921
1154
743
1454
1983
8429
9580
2701
8199
5739
2712
6612
3342
2105
9507
8075
358
8304
4739
9746
4568
7380
5370
4194
1347
3895
5707
7742
4096
2491
3323
5447
6593
2484
5441
3807
2374
8843
7257
4357
8620
6511
2107
6095
6691
3301
8978
5286
922
2113
7276
9739
4009
8941
5309
5911
8394
6806
6368
9040
8132
230
3147
6360
22
5115
6382
5856
4493
9863
9528
7545
3250
6049
2134
683
1939
3272
713
5118
4988
3912
4643
3494
5634
9157
9933
6956
6268
4452
3400
9431
2670
4873
654
1881
547
5995
4372
2053
4486
4692
7679
3583
2253
2181
5151
8988
8019
3190
3213
6056
3857
9450
1756
6215
7752
5009
7215
4403
8701
6919
8039
7380
2913
1449
4935
3149
4396
1672
9814
5523
870
2871
5376
185
1921
4543
3930
1158
3270
2769
5568
4360
7275
6251
8092
6242
4974
4644
549
2929
1169
5073
5202
9340
1778
3226
1705
6202
6821
663
489
7117
544
4179
5600
4668
9923
3907
234
8878
1778
4624
5575
3442
1072
6159
9687
1148
2745
2962
3316
1930
2621
6920
3036
9796
4260
4719
2154
3938
322
1626
9392
231
9113
7837
9987
3275
3365
8437
2627
4567
3992
8677
9302
8474
8659
4603
4688
4840
7213
5425
8400
1569
6467
